597,0
596,1007
596,2018
595,3028
595,4039
594,5050
594,6061
594,7071
593,8082
593,9093
593,10102
591,11115
591,12127
590,13138
589,14150
590,15162
591,16174
590,17185
590,18197
590,19209
589,20220
589,21232
587,22244
587,23256
588,24267
587,25279
586,26291
585,27302
584,28314
585,29326
585,30338
586,31349
586,32361
586,33373
586,34384
586,35396
585,36408
585,37420
585,38431
585,39443
585,40455
584,41466
585,42478
584,43490
584,44502
584,45513
584,46525
584,47537
584,48548
583,49560
584,50572
583,51584
583,52595
583,53607
581,54619
574,55630
580,56642
582,57654
583,58665
582,59678
583,60690
582,61702
582,62713
582,63725
581,64737
582,65748
581,66760
581,67772
581,68784
581,69795
581,70807
581,71819
592,72830
610,73842
620,74854
620,75866
619,76877
618,77889
618,78901
617,79912
617,80924
616,81936
616,82948
616,83959
615,84971
615,85983
615,86994
613,88006
614,89018
613,90030
613,91041
613,92053
612,93065
612,94076
612,95088
612,96100
612,97112
611,98123
611,99135
611,100147
610,101159
610,102172
611,103185
610,104199
610,105211
610,106224
609,107237
610,108250
609,109262
609,110275
609,111288
609,112301
608,113313
608,114326
608,115339
608,116352
608,117364
608,118377
607,119390
608,120402
607,121415
607,122428
607,123441
607,124454
606,125467
607,126480
607,127493
606,128505
607,129518
606,130531
606,131544
606,132556
605,133569
606,134582
606,135595
605,136607
606,137620
605,138633
605,139645
606,140658
605,141671
605,142684
605,143697
605,144710
605,145723
605,146736
605,147748
605,148761
605,149774
604,150787
605,151799
605,152812
604,153825
605,154838
604,155850
604,156863
604,157876
604,158888
604,159901
604,160914
604,161927
603,162940
604,163953
604,164966
603,165979
604,166991
603,168004
604,169017
604,170030
603,171042
604,172055
604,173068
603,174081
604,175093
604,176106
603,177119
603,178131
603,179144
603,180157
604,181170
603,182182
603,183196
603,184209
603,185222
603,186234
603,187247
602,188260
603,189273
603,190285
602,191298
603,192311
603,193324
602,194336
603,195349
602,196362
603,197374
603,198387
602,199400
602,200413
603,201425
602,202438
603,203452
602,204465
602,205477
602,206490
602,207503
602,208516
602,209528
601,210541
602,211554
602,212567
602,213579
602,214592
602,215605
601,216617
602,217630
601,218643
602,219656
602,220668
601,221681
602,222694
602,223708
601,224720
602,225733
601,226746
602,227759
602,228771
601,229784
602,230797
602,231810
601,232822
602,233835
601,234848
601,235860
601,236873
601,237886
601,238899
602,239911
601,240924
601,241937
601,242950
601,243963
601,244976
601,245989
601,247002
601,248014
601,249027
601,250040
601,251053
601,252065
601,253078
601,254091
600,255104
601,256116
601,257129
601,258142
601,259154
600,260167
601,261180
601,262193
600,263205
601,264219
601,265232
600,266245
601,267257
600,268270
601,269283
601,270296
600,271308
601,272321
601,273334
600,274347
601,275359
601,276372
600,277385
601,278397
600,279410
600,280423
601,281436
600,282448
601,283462
601,284475
600,285488
601,286500
600,287513
600,288526
601,289539
600,290551
601,291564
600,292577
600,293590
601,294602
600,295615
600,296628
600,297640
600,298653
600,299666
600,300679
600,301691
600,302704
600,303718
600,304731
600,305743
600,306756
600,307769
600,308782
599,309794
600,310807
600,311820
600,312833
601,313845
599,314858
600,315871
600,316883
600,317896
600,318909
600,319922
600,320934
600,321947
599,322961
600,323974
600,324986
600,325999
600,327012
600,328025
599,329037
600,330050
600,331063
600,332076
600,333088
599,334101
600,335114
600,336126
600,337139
600,338152
599,339165
600,340177
600,341190
599,342204
600,343217
600,344229
600,345242
600,346255
599,347268
600,348280
600,349293
599,350306
600,351319
599,352331
599,353344
600,354357
599,355369
600,356382
600,357395
599,358408
600,359420
599,360433
600,361446
600,362459
599,363472
600,364485
599,365498
599,366511
600,367523
599,368536
599,369549
600,370562
599,371574
600,372587
599,373600
600,374612
600,375625
599,376638
600,377651
599,378663
599,379676
600,380689
599,381702
599,382714
599,383728
599,384741
600,385754
599,386766
600,387779
600,388792
599,389805
599,390817
599,391830
599,392843
600,393856
599,394868
600,395881
599,396894
599,397906
600,398919
599,399932
599,400945
599,401957
599,402971
600,403984
599,404997
599,406009
599,407022
599,408035
600,409048
599,410060
599,411073
599,412086
599,413099
600,414111
599,415124
600,416137
599,417149
599,418162
600,419175
599,420188
599,421200
599,422214
599,423227
600,424240
599,425252
599,426265
599,427278
599,428291
600,429303
598,430316
599,431329
599,432342
599,433354
599,434367
599,435380
599,436392
599,437405
599,438418
599,439431
599,440443
599,441456
600,442470
599,443483
599,444495
599,445508
599,446521
600,447534
599,448546
599,449559
599,450572
599,451585
600,452597
598,453610
599,454623
599,455635
599,456648
600,457661
598,458674
599,459686
599,460699
599,461712
599,462726
599,463738
599,464751
599,465764
599,466777
599,467789
599,468802
599,469815
599,470828
598,471840
599,472853
599,473866
599,474878
599,475891
598,476904
599,477917
599,478929
599,479942
600,480955
599,481969
599,482981
599,483994
599,485007
599,486020
599,487032
599,488045
599,489058
598,490071
599,491083
598,492096
599,493109
599,494121
598,495134
599,496147
598,497160
599,498172
599,499185
598,500198
599,501211
599,502224
598,503237
599,504250
598,505263
599,506275
599,507288
598,508301
599,509314
599,510326
599,511339
599,512352
598,513364
599,514377
598,515390
598,516403
599,517415
598,518428
599,519441
599,520454
598,521467
599,522480
598,523493
598,524506
599,525518
598,526531
599,527544
599,528557
598,529569
599,530582
598,531595
599,532608
599,533620
598,534633
599,535646
598,536658
598,537671
599,538684
598,539697
599,540709
598,541723
598,542736
599,543749
598,544761
599,545774
599,546787
598,547800
599,548812
598,549825
598,550838
599,551851
598,552863
599,553876
599,554889
598,555901
599,556914
598,557927
598,558940
599,559952
598,560966
599,561979
599,562992
598,564004
599,565017
598,566030
598,567043
599,568055
598,569068
599,570081
599,571094
598,572106
599,573119
598,574132
598,575144
599,576157
598,577170
599,578183
599,579195
598,580208
599,581222
599,582235
598,583247
599,584260
598,585273
598,586286
599,587298
598,588311
599,589324
599,590337
598,591349
599,592362
598,593375
598,594387
599,595400
598,596413
598,597426
599,598438
598,599451
599,600464
599,601478
598,602490
599,603503
598,604516
598,605529
599,606541
598,607554
599,608567
599,609580
598,610592
599,611605
599,612618
598,613630
599,614643
598,615656
599,616669
599,617681
598,618694
599,619707
599,620721
598,621733
599,622746
599,623759
598,624772
599,625784
598,626797
599,627810
599,628823
598,629835
599,630848
599,631861
598,632873
599,633886
599,634899
598,635912
599,636924
598,637937
599,638950
599,639963
598,640976
599,641989
599,643002
598,644015
599,645027
598,646040
599,647053
599,648066
598,649078
599,650091
599,651104
598,652116
599,653129
599,654142
599,655155
599,656167
599,657180
599,658193
599,659206
598,660219
599,661232
599,662245
598,663258
599,664270
599,665283
598,666296
599,667309
599,668321
598,669334
599,670347
598,671360
599,672372
599,673385
598,674398
599,675410
599,676423
598,677436
599,678449
599,679461
598,680475
599,681488
598,682501
598,683513
599,684526
598,685539
598,686552
599,687564
598,688577
599,689590
599,690603
598,691615
599,692628
599,693641
598,694653
599,695666
599,696679
598,697692
599,698704
599,699717
598,700731
599,701744
599,702756
598,703769
599,704782
599,705795
598,706807
599,707820
599,708833
598,709846
598,710858
599,711871
598,712884
599,713896
599,714909
599,715922
599,716935
599,717947
599,718960
599,719974
599,720987
599,721999
599,723012
599,724025
598,725038
599,726050
599,727063
598,728076
599,729089
599,730101
598,731114
599,732127
599,733139
599,734152
599,735165
599,736178
599,737190
599,738203
599,739216
599,740230
599,741242
598,742255
599,743268
600,744281
598,745293
599,746306
599,747319
598,748332
599,749344
599,750357
599,751370
599,752382
599,753395
599,754408
599,755421
600,756433
599,757446
599,758459
599,759472
599,760485
599,761498
600,762511
599,763524
599,764536
599,765549
599,766562
599,767575
599,768587
599,769600
599,770613
599,771625
599,772638
599,773651
599,774664
599,775676
599,776689
599,777702
599,778715
599,779727
600,780741
599,781754
599,782767
600,783779
599,784792
599,785805
599,786818
599,787830
599,788843
600,789856
599,790868
599,791881
600,792894
599,793907
599,794919
600,795932
599,796945
600,797958
600,798970
599,799984
599,800997
599,802010
599,803022
600,804035
600,805048
599,806061
599,807073
600,808086
599,809099
599,810112
600,811124
599,812137
600,813150
600,814162
599,815175
600,816188
600,817201
599,818213
600,819226
600,820240
599,821253
600,822265
600,823278
599,824291
600,825304
600,826316
599,827329
600,828342
600,829355
599,830367
600,831380
600,832393
599,833405
600,834418
600,835431
599,836444
599,837456
600,838469
599,839483
600,840496
600,841508
599,842521
599,843534
600,844547
599,845559
599,846572
600,847585
599,848598
599,849610
600,850623
599,851636
600,852648
600,853661
599,854674
599,855687
600,856699
599,857712
600,858725
600,859739
599,860751
600,861764
600,862777
599,863790
600,864802
600,865815
599,866828
599,867841
600,868853
599,869866
600,870879
600,871891
599,872904
600,873917
600,874930
599,875942
600,876955
600,877968
599,878981
600,879994
600,881007
599,882020
600,883033
600,884045
599,885058
600,886071
600,887084
599,888096
600,889109
600,890122
599,891134
600,892147
600,893160
600,894173
600,895185
600,896198
599,897211
600,898224
601,899236
600,900250
600,901263
600,902276
599,903288
600,904301
600,905314
599,906327
600,907339
600,908352
599,909365
600,910377
600,911390
599,912403
600,913416
600,914428
599,915441
600,916454
600,917467
600,918479
600,919492
600,920506
600,921519
600,922531
600,923544
600,924557
600,925570
599,926582
600,927595
600,928608
599,929620
600,930633
600,931646
599,932659
599,933671
600,934684
599,935697
599,936710
600,937722
599,938735
599,939748
599,940762
599,941774
599,942787
600,943800
599,944813
599,945825
599,946838
599,947851
599,948864
599,949876
599,950889
599,951902
600,952914
599,953927
599,954940
600,955953
599,956965
599,957978
600,958991
598,960004
599,961017
600,962030
599,963043
599,964056
600,965068
599,966081
599,967094
600,968107
599,969119
599,970132
599,971145
599,972157
599,973170
600,974183
599,975196
599,976208
600,977221
599,978234
599,979247
599,980259
599,981273
599,982286
599,983299
599,984311
599,985324
600,986337
599,987350
599,988362
600,989375
599,990388
599,991400
599,992413
599,993426
599,994439
599,995451
600,996464
599,997477
599,998490
600,999502
599,1000516
599,1001530
599,1002544
600,1003557
599,1004571
599,1005585
600,1006599
599,1007612
599,1008626
599,1009640
600,1010654
599,1011667
599,1012682
599,1013696
600,1014710
599,1015724
599,1016737
600,1017751
600,1018765
599,1019779
599,1020792
599,1021806
599,1022820
599,1023834
599,1024847
600,1025862
599,1026876
599,1027890
600,1028903
600,1029917
599,1030931
599,1031945
600,1032958
599,1033972
599,1034986
600,1036000
600,1037014
599,1038028
599,1039042
599,1040056
600,1041070
599,1042083
599,1043097
600,1044111
600,1045125
599,1046138
599,1047152
600,1048166
600,1049180
599,1050194
599,1051208
600,1052222
599,1053236
599,1054249
599,1055263
600,1056277
599,1057291
599,1058305
600,1059318
600,1060332
599,1061346
599,1062361
600,1063374
600,1064388
599,1065402
599,1066416
600,1067429
600,1068443
599,1069457
599,1070471
600,1071484
600,1072498
599,1073512
600,1074527
600,1075540
599,1076554
599,1077568
600,1078582
600,1079596
599,1080609
599,1081623
600,1082637
600,1083651
599,1084664
599,1085678
600,1086693
600,1087707
596,1088720
595,1089734
599,1090748
600,1091762
599,1092775
599,1093789
600,1094803
599,1095817
599,1096830
599,1097844
600,1098858
600,1099873
599,1100887
600,1101900
600,1102914
599,1103928
599,1104942
600,1105955
600,1106969
599,1107983
599,1108997
600,1110010
600,1111024
600,1112039
599,1113053
600,1114066
600,1115080
599,1116094
599,1117108
600,1118121
600,1119135
600,1120149
599,1121163
600,1122177
600,1123190
600,1124205
599,1125219
599,1126233
600,1127246
600,1128260
599,1129274
599,1130288
600,1131301
600,1132315
599,1133329
599,1134343
600,1135356
600,1136371
599,1137385
599,1138399
600,1139412
600,1140426
600,1141440
599,1142454
600,1143468
600,1144481
600,1145495
599,1146509
600,1147523
600,1148537
600,1149551
599,1150565
599,1151579
600,1152592
601,1153606
600,1154620
599,1155634
600,1156647
600,1157661
600,1158675
599,1159689
600,1160702
600,1161717
600,1162731
599,1163745
599,1164759
600,1165772
600,1166786
600,1167800
599,1168814
600,1169827
600,1170841
600,1171855
600,1172869
599,1173883
600,1174897
600,1175911
600,1176925
599,1177938
600,1178952
600,1179966
600,1180980
599,1181993
600,1183007
600,1184021
600,1185035
600,1186050
600,1187063
600,1188077
600,1189091
600,1190105
600,1191118
600,1192132
601,1193146
600,1194160
600,1195173
600,1196187
601,1197201
600,1198216
600,1199229
600,1200243
600,1201257
600,1202271
600,1203284
600,1204298
600,1205312
601,1206326
600,1207340
600,1208353
601,1209367
601,1210382
600,1211396
600,1212409
600,1213423
601,1214437
601,1215451
600,1216464
600,1217478
600,1218492
601,1219506
600,1220519
600,1221533
601,1222547
601,1223562
600,1224576
600,1225589
600,1226603
601,1227617
601,1228631
600,1229644
600,1230658
601,1231672
601,1232686
600,1233699
600,1234713
600,1235728
596,1236742
590,1237755
589,1238769
591,1239783
592,1240797
593,1241810
595,1242824
595,1243838
597,1244852
596,1245865
599,1246879
597,1247894
598,1248908
597,1249922
599,1250935
597,1251949
600,1252963
601,1253977
601,1254990
600,1256004
600,1257018
601,1258032
601,1259045
601,1260060
600,1261074
600,1262088
601,1263101
601,1264115
600,1265129
600,1266143
601,1267156
601,1268170
600,1269184
600,1270198
601,1271212
601,1272226
601,1273240
600,1274254
600,1275268
601,1276281
601,1277295
600,1278309
600,1279323
601,1280336
601,1281350
601,1282364
600,1283378
600,1284392
601,1285406
601,1286420
600,1287434
600,1288448
601,1289461
601,1290475
601,1291489
600,1292503
600,1293516
601,1294530
601,1295544
600,1296558
600,1297572
601,1298586
601,1299600
601,1300614
600,1301627
600,1302641
601,1303655
601,1304669
601,1305682
600,1306696
601,1307710
601,1308724
601,1309739
601,1310752
600,1311766
601,1312780
601,1313794
601,1314807
600,1315821
600,1316835
601,1317849
601,1318862
601,1319876
600,1320890
600,1321905
601,1322918
601,1323932
601,1324946
600,1325960
601,1326973
601,1327987
601,1329001
601,1330015
600,1331028
601,1332042
601,1333056
601,1334071
600,1335085
601,1336098
601,1337112
601,1338126
601,1339140
600,1340153
601,1341167
601,1342181
601,1343195
600,1344208
600,1345222
601,1346237
602,1347251
601,1348264
600,1349278
601,1350292
601,1351306
601,1352320
600,1353333
600,1354347
601,1355361
601,1356375
601,1357388
600,1358402
601,1359417
601,1360431
601,1361444
601,1362458
601,1363472
601,1364486
601,1365499
601,1366513
601,1367527
601,1368541
601,1369554
601,1370568
601,1371583
600,1372597
601,1373611
601,1374624
601,1375638
601,1376652
601,1377666
601,1378679
601,1379693
601,1380707
600,1381721
601,1382734
601,1383749
601,1384763
601,1385777
601,1386790
601,1387804
602,1388818
601,1389832
600,1390845
601,1391859
602,1392873
601,1393887
601,1394900
601,1395915
601,1396929
602,1397943
601,1398957
601,1399970
601,1400984
601,1401998
601,1403012
601,1404025
601,1405039
602,1406053
602,1407067
601,1408081
601,1409095
601,1410109
602,1411123
601,1412136
601,1413150
601,1414164
602,1415178
602,1416192
601,1417205
601,1418219
602,1419233
602,1420247
601,1421261
601,1422275
601,1423289
602,1424303
602,1425316
601,1426330
601,1427344
601,1428358
602,1429371
601,1430385
601,1431399
601,1432413
602,1433427
601,1434441
601,1435455
601,1436469
602,1437483
602,1438496
601,1439510
601,1440524
602,1441538
602,1442551
601,1443565
601,1444579
602,1445594
602,1446607
602,1447621
601,1448635
601,1449649
602,1450662
602,1451676
601,1452690
601,1453704
602,1454717
602,1455731
601,1456745
601,1457760
602,1458774
602,1459787
601,1460801
601,1461815
602,1462829
602,1463842
601,1464856
601,1465870
602,1466884
602,1467897
601,1468911
601,1469926
602,1470940
602,1471953
601,1472967
601,1473981
602,1474995
602,1476008
602,1477022
601,1478036
602,1479050
602,1480064
602,1481077
601,1482092
602,1483106
602,1484120
601,1485133
601,1486147
602,1487161
602,1488175
601,1489188
601,1490202
602,1491216
602,1492230
601,1493243
601,1494257
602,1495272
602,1496286
601,1497299
601,1498313
602,1499327
602,1500341
601,1501355
601,1502368
602,1503382
602,1504396
601,1505410
601,1506423
602,1507438
602,1508452
601,1509466
602,1510479
602,1511493
602,1512507
601,1513521
602,1514534
602,1515548
602,1516562
601,1517576
602,1518589
602,1519604
602,1520618
601,1521632
602,1522646
602,1523659
602,1524673
601,1525687
602,1526701
602,1527714
601,1528728
601,1529742
602,1530756
602,1531770
602,1532784
601,1533798
602,1534812
602,1535825
601,1536839
601,1537853
602,1538867
602,1539880
601,1540894
602,1541908
602,1542922
602,1543937
601,1544950
602,1545964
602,1546978
602,1547992
602,1549005
602,1550019
602,1551033
601,1552047
602,1553060
602,1554074
602,1555088
601,1556102
602,1557116
602,1558130
602,1559144
601,1560158
602,1561171
602,1562185
602,1563199
601,1564213
602,1565227
602,1566240
601,1567254
601,1568268
602,1569283
602,1570296
601,1571310
602,1572324
602,1573338
601,1574351
602,1575365
602,1576379
602,1577393
601,1578406
602,1579420
602,1580434
602,1581449
601,1582462
602,1583476
603,1584490
602,1585504
601,1586518
602,1587531
602,1588545
601,1589559
602,1590573
602,1591586
602,1592600
601,1593615
602,1594629
602,1595642
602,1596656
601,1597670
602,1598684
602,1599697
602,1600711
602,1601725
602,1602739
602,1603752
602,1604766
602,1605781
602,1606795
602,1607809
601,1608822
602,1609836
603,1610850
602,1611864
602,1612877
602,1613891
602,1614905
602,1615919
602,1616932
602,1617946
602,1618961
602,1619975
602,1620988
602,1622002
602,1623016
601,1624030
602,1625043
602,1626057
602,1627071
601,1628085
602,1629099
602,1630112
601,1631127
602,1632141
603,1633155
602,1634168
601,1635182
602,1636196
602,1637210
602,1638223
601,1639237
602,1640251
602,1641265
601,1642278
601,1643293
602,1644307
602,1645321
601,1646334
601,1647348
602,1648362
602,1649376
601,1650390
602,1651403
602,1652417
601,1653431
601,1654445
602,1655459
602,1656473
601,1657487
602,1658501
602,1659514
602,1660528
601,1661542
602,1662556
602,1663569
602,1664583
601,1665597
602,1666611
602,1667625
601,1668639
602,1669653
602,1670667
602,1671681
602,1672694
602,1673708
602,1674722
602,1675736
602,1676749
602,1677763
602,1678777
601,1679791
602,1680805
602,1681819
602,1682833
602,1683847
602,1684860
602,1685874
601,1686888
602,1687902
602,1688915
602,1689929
602,1690943
602,1691957
602,1692972
602,1693985
602,1694999
602,1696013
602,1697027
601,1698040
602,1699054
603,1700068
602,1701082
602,1702095
602,1703109
602,1704123
601,1705138
602,1706151
603,1707165
602,1708179
602,1709193
602,1710206
602,1711220
602,1712234
602,1713248
602,1714262
602,1715275
602,1716289
602,1717304
603,1718318
602,1719331
602,1720345
602,1721359
602,1722373
602,1723386
602,1724400
603,1725414
602,1726428
602,1727441
603,1728455
602,1729470
602,1730484
602,1731497
603,1732511
602,1733525
602,1734539
602,1735553
603,1736566
602,1737580
602,1738594
603,1739608
602,1740621
602,1741635
603,1742650
603,1743664
602,1744677
602,1745691
603,1746705
603,1747719
602,1748732
602,1749746
603,1750760
602,1751774
602,1752787
602,1753801
603,1754816
602,1755830
602,1756844
603,1757857
602,1758871
602,1759885
603,1760899
603,1761912
602,1762926
602,1763940
602,1764954
603,1765967
602,1766982
602,1767996
603,1769010
602,1770023
602,1771037
603,1772051
603,1773065
602,1774078
602,1775092
603,1776106
602,1777120
602,1778134
603,1779148
603,1780162
602,1781176
602,1782190
603,1783203
602,1784217
602,1785231
603,1786245
603,1787258
602,1788272
602,1789286
603,1790300
602,1791314
602,1792328
603,1793342
603,1794356
602,1795369
602,1796383
603,1797397
602,1798411
602,1799425
603,1800438
603,1801452
602,1802466
602,1803481
603,1804494
603,1805508
602,1806522
603,1807536
603,1808549
602,1809563
602,1810577
603,1811591
602,1812604
602,1813618
603,1814632
603,1815646
602,1816660
603,1817674
603,1818688
602,1819702
602,1820716
603,1821729
603,1822743
602,1823757
603,1824771
603,1825784
602,1826798
603,1827812
603,1828827
602,1829840
602,1830854
603,1831868
603,1832882
602,1833895
603,1834909
603,1835923
602,1836937
603,1837950
603,1838964
602,1839978
602,1840993
603,1842007
603,1843020
602,1844034
603,1845048
603,1846062
602,1847075
602,1848089
603,1849103
603,1850117
602,1851130
603,1852144
603,1853159
602,1854173
603,1855186
603,1856200
602,1857214
602,1858228
603,1859241
603,1860255
602,1861269
603,1862283
603,1863297
603,1864310
602,1865325
603,1866339
603,1867353
602,1868366
603,1869380
603,1870394
602,1871408
602,1872421
603,1873435
603,1874449
602,1875463
603,1876476
603,1877490
602,1878505
603,1879519
603,1880532
602,1881546
602,1882560
603,1883574
603,1884588
602,1885601
603,1886615
603,1887629
602,1888643
602,1889656
603,1890671
603,1891685
602,1892699
603,1893712
603,1894726
602,1895740
602,1896754
603,1897767
603,1898781
602,1899795
603,1900809
603,1901822
602,1902837
603,1903851
603,1904865
603,1905879
602,1906892
603,1907906
603,1908920
602,1909934
603,1910947
603,1911961
603,1912975
603,1913989
603,1915003
603,1916017
602,1917031
603,1918045
603,1919058
603,1920072
603,1921086
603,1922100
603,1923113
603,1924127
603,1925141
603,1926155
602,1927170
603,1928183
603,1929197
602,1930211
603,1931225
603,1932238
602,1933252
603,1934266
604,1935280
602,1936293
603,1937307
603,1938321
603,1939335
602,1940349
603,1941363
603,1942377
603,1943391
603,1944404
603,1945418
603,1946432
603,1947446
603,1948460
603,1949473
603,1950487
603,1951501
603,1952516
603,1953529
603,1954543
603,1955557
603,1956571
603,1957584
603,1958598
603,1959612
603,1960626
603,1961639
603,1962653
603,1963667
603,1964682
604,1965696
603,1966709
603,1967723
603,1968737
603,1969751
603,1970764
603,1971778
604,1972792
603,1973806
603,1974819
603,1975833
603,1976848
602,1977862
603,1978875
604,1979889
603,1980903
603,1981917
603,1982930
603,1983944
602,1984958
603,1985972
604,1986985
603,1987999
603,1989014
604,1990028
603,1991042
603,1992055
603,1993069
604,1994083
603,1995097
603,1996110
604,1997124
603,1998138
603,1999152
604,2000165
603,2001179
603,2002194
603,2003208
603,2004221
603,2005235
603,2006249
604,2007263
603,2008276
603,2009290
603,2010304
604,2011318
603,2012332
603,2013345
604,2014360
603,2015374
603,2016388
603,2017401
604,2018415
603,2019429
603,2020443
604,2021456
603,2022470
603,2023484
603,2024498
604,2025511
603,2026526
603,2027540
604,2028554
603,2029568
603,2030581
604,2031595
603,2032609
603,2033623
603,2034636
604,2035650
603,2036664
603,2037678
604,2038692
603,2039706
603,2040720
604,2041734
604,2042747
603,2043761
603,2044775
604,2045789
603,2046802
603,2047816
603,2048830
603,2049844
603,2050859
604,2051872
603,2052886
603,2053900
604,2054914
604,2055927
602,2056941
603,2057955
604,2058969
603,2059982
603,2060996
604,2062010
603,2063025
603,2064038
604,2065052
603,2066066
603,2067080
604,2068093
604,2069107
603,2070121
603,2071135
604,2072148
603,2073162
603,2074176
604,2075190
603,2076205
603,2077218
604,2078232
604,2079246
603,2080260
603,2081273
604,2082287
603,2083301
603,2084315
604,2085328
603,2086342
603,2087356
604,2088371
604,2089384
603,2090398
603,2091412
604,2092426
604,2093440
603,2094453
603,2095467
604,2096481
603,2097495
603,2098508
604,2099522
604,2100537
603,2101551
603,2102564
604,2103578
603,2104592
603,2105606
603,2106619
604,2107633
603,2108647
603,2109661
604,2110674
604,2111688
603,2112703
603,2113717
604,2114731
603,2115744
603,2116758
603,2117772
604,2118786
604,2119799
603,2120813
604,2121827
604,2122841
603,2123854
603,2124869
603,2125883
604,2126897
603,2127910
603,2128924
604,2129938
604,2130952
603,2131965
603,2132979
604,2133993
603,2135007
603,2136020
603,2137035
604,2138049
603,2139063
603,2140077
604,2141090
604,2142104
603,2143118
603,2144132
604,2145145
604,2146159
603,2147173
603,2148187
604,2149200
604,2150215
603,2151229
603,2152243
604,2153256
604,2154270
603,2155284
603,2156298
604,2157312
604,2158325
603,2159339
603,2160353
604,2161367
604,2162381
603,2163395
603,2164409
604,2165423
604,2166436
603,2167450
603,2168464
603,2169478
603,2170491
603,2171505
603,2172519
603,2173533
603,2174547
603,2175561
602,2176575
603,2177589
603,2178603
603,2179616
602,2180630
603,2181644
603,2182658
603,2183671
602,2184685
603,2185699
603,2186714
603,2187727
603,2188741
602,2189755
603,2190769
603,2191782
603,2192796
602,2193810
603,2194824
603,2195837
603,2196851
603,2197865
603,2198879
603,2199894
603,2200907
603,2201921
602,2202935
603,2203949
603,2204962
603,2205976
602,2206990
603,2208004
603,2209017
603,2210031
603,2211045
602,2212060
603,2213073
603,2214087
603,2215101
602,2216115
603,2217128
603,2218142
603,2219156
603,2220170
602,2221184
603,2222197
603,2223211
603,2224226
602,2225240
603,2226253
603,2227267
603,2228281
603,2229295
603,2230308
601,2231322
603,2232336
603,2233350
603,2234363
603,2235377
603,2236392
603,2237406
603,2238419
603,2239433
604,2240447
603,2241461
602,2242475
603,2243488
603,2244502
603,2245516
602,2246530
603,2247543
603,2248558
603,2249572
602,2250586
602,2251599
603,2252613
603,2253627
602,2254641
602,2255654
603,2256668
603,2257682
603,2258696
602,2259709
602,2260723
602,2261738
602,2262752
601,2263766
601,2264779
602,2265793
602,2266807
601,2267821
601,2268834
601,2269848
601,2270862
602,2271876
601,2272889
601,2273904
601,2274918
602,2275932
602,2276945
601,2277959
601,2278973
601,2279987
602,2281000
602,2282014
601,2283028
601,2284042
602,2285056
602,2286070
601,2287084
601,2288098
601,2289112
602,2290125
602,2291139
601,2292153
601,2293167
601,2294180
602,2295194
601,2296208
601,2297222
601,2298236
602,2299250
602,2300264
601,2301278
601,2302291
601,2303305
602,2304319
602,2305333
601,2306347
601,2307360
602,2308374
602,2309388
601,2310403
601,2311416
601,2312430
602,2313444
602,2314458
601,2315471
601,2316485
601,2317499
601,2318513
600,2319526
600,2320540
601,2321554
601,2322569
601,2323582
600,2324596
600,2325610
601,2326624
601,2327638
600,2328651
600,2329665
601,2330679
601,2331693
600,2332706
600,2333720
601,2334734
601,2335749
600,2336762
600,2337776
600,2338790
601,2339804
601,2340817
600,2341831
600,2342845
601,2343859
601,2344872
600,2345886
600,2346900
601,2347915
601,2348929
601,2349942
600,2350956
601,2351970
601,2352984
601,2353997
600,2355011
599,2356025
600,2357039
600,2358052
599,2359066
599,2360081
600,2361095
600,2362108
599,2363122
600,2364136
600,2365150
600,2366163
600,2367177
600,2368191
600,2369205
601,2370219
600,2371232
600,2372247
600,2373261
601,2374275
601,2375288
600,2376302
600,2377316
601,2378330
601,2379343
600,2380357
600,2381371
601,2382385
601,2383398
600,2384413
600,2385427
601,2386441
601,2387454
600,2388468
600,2389482
600,2390496
601,2391510
601,2392523
600,2393537
600,2394551
601,2395565
601,2396578
600,2397593
600,2398607
601,2399621
601,2400634
600,2401648
600,2402662
600,2403676
601,2404689
601,2405703
600,2406717
600,2407731
601,2408744
601,2409759
600,2410773
600,2411787
601,2412801
601,2413814
600,2414828
600,2415842
601,2416856
601,2417869
600,2418883
600,2419897
601,2420911
601,2421925
601,2422939
600,2423953
601,2424967
601,2425980
601,2426994
600,2428008
601,2429022
601,2430035
601,2431049
600,2432063
601,2433077
601,2434092
601,2435105
600,2436119
601,2437133
601,2438147
601,2439160
601,2440174
601,2441188
601,2442202
601,2443215
601,2444229
601,2445243
601,2446258
601,2447271
600,2448285
601,2449299
601,2450313
601,2451326
600,2452340
600,2453354
601,2454368
601,2455382
600,2456395
600,2457409
602,2458423
601,2459438
600,2460451
600,2461465
599,2462479
599,2463493
598,2464506
597,2465520
596,2466534
596,2467548
596,2468561
594,2469575
590,2470589
588,2471604
588,2472617
586,2473631
585,2474645
586,2475659
585,2476673
584,2477686
584,2478700
585,2479714
585,2480728
585,2481741
585,2482755
587,2483770
587,2484784
587,2485797
588,2486811
589,2487825
590,2488839
589,2489852
589,2490866
590,2491880
590,2492894
589,2493907
589,2494921
590,2495936
590,2496950
590,2497964
590,2498977
590,2499991
590,2501005
590,2502019
590,2503032
590,2504046
591,2505060
591,2506074
590,2507087
590,2508102
591,2509116
591,2510130
590,2511143
590,2512157
591,2513171
591,2514185
590,2515198
590,2516212
590,2517226
591,2518240
591,2519254
590,2520267
591,2521282
591,2522296
591,2523310
590,2524323
591,2525337
591,2526351
591,2527365
591,2528378
591,2529392
592,2530406
592,2531420
591,2532433
592,2533448
592,2534462
591,2535476
591,2536489
592,2537503
592,2538517
592,2539531
591,2540545
592,2541558
592,2542572
592,2543586
591,2544600
592,2545614
592,2546628
592,2547642
591,2548656
592,2549669
592,2550683
592,2551697
591,2552711
592,2553724
592,2554738
592,2555752
591,2556766
592,2557780
592,2558794
592,2559808
592,2560822
592,2561836
592,2562849
592,2563863
592,2564877
592,2565891
593,2566904
593,2567918
592,2568932
592,2569947
593,2570960
593,2571974
592,2572988
593,2574002
593,2575015
593,2576029
592,2577043
593,2578057
593,2579070
593,2580084
592,2581098
593,2582113
593,2583127
593,2584140
593,2585154
593,2586168
593,2587182
593,2588195
593,2589209
593,2590223
594,2591237
593,2592250
593,2593264
593,2594278
594,2595293
594,2596306
593,2597320
593,2598334
594,2599348
594,2600361
593,2601375
593,2602389
594,2603403
594,2604417
594,2605430
593,2606444
594,2607459
594,2608473
594,2609486
593,2610500
594,2611514
595,2612528
594,2613541
594,2614555
594,2615569
595,2616583
595,2617596
594,2618610
594,2619625
595,2620639
595,2621652
594,2622666
594,2623680
595,2624694
595,2625708
595,2626721
595,2627735
595,2628749
595,2629763
595,2630776
595,2631791
595,2632805
596,2633819
595,2634832
595,2635846
595,2636860
596,2637874
595,2638887
595,2639901
596,2640915
596,2641929
595,2642942
595,2643957
596,2644971
596,2645985
595,2646999
595,2648012
596,2649026
596,2650040
595,2651054
595,2652067
596,2653081
596,2654095
595,2655109
595,2656122
596,2657137
596,2658151
595,2659165
595,2660178
596,2661192
596,2662206
596,2663220
596,2664233
596,2665247
596,2666261
596,2667275
596,2668289
596,2669303
596,2670317
596,2671331
596,2672345
596,2673358
597,2674372
596,2675386
596,2676400
597,2677413
597,2678427
596,2679441
596,2680455
596,2681469
597,2682483
596,2683497
596,2684511
597,2685524
597,2686538
596,2687552
596,2688566
597,2689580
597,2690593
596,2691607
596,2692621
597,2693636
597,2694649
597,2695663
597,2696677
597,2697691
598,2698704
597,2699718
597,2700732
597,2701746
598,2702759
597,2703773
597,2704787
598,2705802
598,2706816
597,2707829
597,2708843
598,2709857
598,2710871
597,2711884
597,2712898
598,2713912
598,2714926
597,2715939
597,2716953
598,2717967
598,2718982
597,2719995
598,2721009
598,2722023
598,2723037
598,2724050
598,2725064
598,2726078
599,2727092
598,2728105
598,2729119
599,2730133
599,2731148
598,2732162
598,2733175
599,2734189
599,2735203
598,2736217
598,2737230
599,2738244
599,2739258
599,2740272
599,2741285
600,2742299
599,2743314
599,2744328
599,2745341
600,2746355
600,2747369
599,2748383
599,2749396
599,2750410
599,2751424
599,2752438
599,2753452
599,2754465
599,2755480
599,2756494
599,2757508
599,2758521
598,2759535
598,2760549
599,2761563
599,2762576
598,2763590
598,2764604
599,2765618
599,2766631
598,2767646
599,2768660
599,2769674
599,2770688
598,2771701
599,2772715
599,2773729
598,2774743
598,2775756
599,2776770
599,2777784
598,2778798
598,2779811
599,2780826
599,2781840
598,2782854
599,2783867
599,2784881
598,2785895
598,2786909
599,2787922
599,2788936
598,2789950
598,2790964
599,2791977
599,2792992
598,2794006
599,2795020
599,2796034
598,2797047
598,2798061
599,2799075
599,2800089
598,2801102
599,2802116
599,2803130
599,2804144
598,2805158
599,2806172
599,2807186
598,2808200
598,2809213
599,2810227
599,2811241
598,2812255
598,2813268
599,2814282
599,2815296
598,2816310
599,2817325
599,2818338
599,2819352
598,2820366
599,2821380
599,2822393
599,2823407
598,2824421
599,2825435
599,2826448
598,2827462
599,2828476
600,2829491
599,2830504
599,2831518
599,2832532
600,2833546
599,2834560
599,2835573
600,2836587
599,2837601
599,2838615
599,2839628
600,2840642
599,2841657
599,2842671
600,2843684
600,2844698
599,2845712
599,2846726
600,2847739
600,2848753
599,2849767
600,2850781
600,2851794
600,2852808
599,2853822
600,2854837
600,2855851
600,2856864
600,2857878
600,2858892
600,2859906
600,2860919
600,2861933
601,2862947
600,2863961
600,2864974
601,2865988
600,2867003
600,2868017
600,2869030
601,2870044
600,2871058
600,2872072
601,2873085
601,2874099
600,2875113
601,2876127
601,2877140
600,2878154
600,2879169
601,2880183
601,2881197
600,2882210
600,2883224
601,2884238
601,2885252
600,2886265
601,2887279
601,2888293
600,2889307
600,2890320
601,2891335
601,2892349
600,2893363
601,2894376
601,2895390
600,2896404
600,2897418
601,2898432
601,2899445
600,2900459
601,2901473
601,2902487
600,2903501
600,2904515
601,2905529
601,2906543
600,2907556
601,2908570
601,2909584
601,2910598
600,2911611
601,2912625
601,2913639
600,2914653
601,2915666
601,2916681
601,2917695
600,2918709
601,2919723
601,2920736
600,2921750
601,2922764
601,2923778
601,2924791
600,2925805
601,2926819
601,2927833
601,2928847
601,2929861
601,2930875
601,2931889
600,2932902
601,2933916
601,2934930
600,2935944
601,2936957
601,2937971
601,2938985
601,2939999
601,2941014
601,2942027
601,2943041
601,2944055
601,2945069
601,2946082
601,2947096
601,2948110
601,2949124
601,2950137
601,2951151
601,2952165
601,2953180
601,2954193
601,2955207
601,2956221
601,2957235
601,2958248
601,2959262
601,2960276
602,2961290
601,2962304
600,2963317
601,2964331
601,2965346
601,2966360
601,2967373
602,2968387
601,2969401
601,2970415
601,2971428
601,2972442
601,2973456
601,2974470
601,2975483
601,2976497
601,2977511
601,2978526
601,2979539
601,2980553
601,2981567
601,2982581
601,2983595
601,2984608
601,2985622
601,2986636
601,2987650
602,2988663
601,2989677
601,2990692
602,2991706
601,2992719
600,2993733
602,2994747
602,2995761
601,2996774
601,2997788
602,2998802
601,2999816
601,3000829
601,3001843
602,3002858
601,3003872
601,3004886
602,3005899
601,3006913
601,3007927
602,3008941
601,3009954
601,3010968
602,3011982
601,3012996
601,3014009
601,3015024
602,3016038
601,3017052
601,3018065
602,3019079
601,3020093
601,3021107
602,3022120
602,3023134
601,3024148
601,3025162
602,3026176
601,3027190
601,3028204
602,3029218
601,3030232
601,3031245
602,3032259
601,3033273
601,3034287
602,3035300
602,3036314
601,3037328
601,3038342
602,3039355
601,3040370
601,3041384
602,3042398
601,3043411
601,3044425
602,3045439
602,3046453
601,3047467
602,3048480
602,3049494
601,3050508
601,3051522
602,3052536
602,3053550
601,3054564
601,3055578
602,3056591
601,3057605
601,3058619
602,3059633
602,3060646
601,3061660
601,3062674
602,3063688
601,3064702
601,3065716
602,3066730
602,3067744
601,3068758
602,3069771
602,3070785
601,3071799
601,3072813
602,3073826
601,3074840
601,3075854
602,3076869
602,3077882
601,3078896
601,3079910
602,3080924
601,3081937
601,3082951
602,3083965
602,3084979
601,3085992
601,3087006
602,3088020
602,3089035
601,3090049
602,3091062
602,3092076
601,3093090
601,3094104
602,3095117
601,3096131
601,3097145
602,3098159
602,3099172
601,3100186
602,3101201
602,3102215
601,3103228
601,3104242
602,3105256
602,3106270
601,3107283
602,3108297
602,3109311
601,3110325
601,3111339
602,3112352
602,3113366
601,3114381
602,3115395
602,3116408
601,3117422
601,3118436
602,3119450
602,3120463
601,3121477
601,3122491
602,3123505
602,3124518
601,3125532
602,3126547
602,3127561
601,3128574
602,3129588
602,3130602
601,3131616
602,3132630
602,3133643
601,3134657
601,3135671
602,3136685
602,3137698
601,3138713
602,3139727
602,3140741
601,3141754
602,3142768
602,3143782
602,3144796
601,3145809
602,3146823
602,3147837
601,3148851
602,3149864
602,3150879
602,3151893
601,3152907
602,3153921
602,3154934
601,3155948
602,3156962
602,3157976
602,3158989
601,3160003
602,3161017
602,3162031
601,3163045
601,3164059
602,3165073
602,3166087
601,3167100
602,3168114
603,3169128
602,3170142
601,3171155
602,3172169
602,3173183
602,3174197
602,3175211
602,3176225
602,3177239
601,3178253
602,3179267
602,3180280
602,3181294
601,3182308
602,3183322
602,3184335
602,3185349
601,3186363
602,3187377
602,3188391
601,3189405
602,3190419
602,3191433
602,3192446
602,3193460
602,3194474
602,3195488
602,3196502
602,3197515
602,3198529
602,3199543
601,3200558
602,3201571
602,3202585
602,3203599
602,3204613
602,3205626
602,3206640
601,3207654
602,3208668
602,3209681
602,3210695
602,3211709
602,3212724
602,3213737
602,3214751
602,3215765
602,3216779
602,3217793
601,3218806
602,3219820
602,3220834
602,3221848
602,3222861
602,3223875
602,3224890
602,3225904
602,3226917
602,3227931
602,3228945
602,3229959
602,3230972
603,3231986
602,3233000
602,3234014
602,3235027
603,3236041
602,3237055
602,3238070
602,3239084
602,3240097
602,3241111
602,3242125
602,3243139
602,3244152
602,3245166
602,3246180
602,3247194
602,3248207
602,3249221
602,3250236
603,3251250
602,3252263
602,3253277
602,3254291
603,3255305
602,3256318
602,3257332
602,3258346
602,3259360
602,3260374
602,3261387
603,3262402
603,3263416
602,3264430
602,3265443
603,3266457
602,3267471
602,3268485
602,3269498
603,3270512
602,3271526
602,3272540
602,3273553
603,3274568
602,3275582
602,3276596
602,3277609
603,3278623
602,3279637
602,3280651
603,3281665
603,3282678
602,3283692
602,3284706
603,3285720
602,3286734
602,3287748
603,3288762
603,3289776
602,3290789
602,3291803
603,3292817
603,3293831
602,3294844
602,3295858
603,3296872
602,3297886
602,3298899
602,3299914
603,3300928
602,3301942
602,3302956
602,3303969
603,3304983
602,3305997
602,3307011
603,3308024
603,3309038
602,3310052
602,3311066
603,3312080
603,3313094
602,3314108
602,3315122
603,3316135
602,3317149
602,3318163
603,3319177
603,3320190
602,3321204
602,3322218
603,3323232
603,3324247
602,3325260
602,3326274
603,3327288
603,3328302
602,3329315
602,3330329
603,3331343
603,3332357
602,3333370
603,3334384
603,3335398
602,3336413
602,3337426
603,3338440
603,3339454
602,3340468
602,3341481
603,3342495
603,3343509
602,3344523
602,3345537
603,3346550
603,3347564
602,3348579
603,3349593
603,3350606
602,3351620
602,3352634
603,3353648
603,3354661
602,3355675
602,3356689
603,3357703
603,3358716
603,3359730
602,3360745
603,3361759
603,3362772
603,3363786
602,3364800
603,3365814
603,3366828
602,3367841
602,3368855
603,3369869
603,3370883
602,3371896
602,3372910
603,3373925
603,3374939
602,3375952
602,3376966
603,3377980
603,3378994
602,3380007
602,3381021
603,3382035
603,3383049
602,3384062
602,3385076
603,3386091
603,3387105
602,3388119
603,3389132
603,3390146
603,3391160
602,3392174
603,3393187
603,3394201
603,3395215
602,3396229
603,3397242
603,3398257
603,3399271
602,3400285
603,3401298
603,3402312
603,3403326
602,3404340
603,3405353
603,3406367
602,3407381
602,3408395
603,3409409
603,3410423
602,3411437
602,3412451
603,3413465
603,3414478
602,3415492
603,3416506
603,3417520
603,3418533
602,3419547
603,3420561
603,3421575
603,3422589
602,3423603
603,3424617
603,3425631
603,3426644
602,3427658
603,3428672
603,3429686
602,3430700
602,3431713
603,3432727
603,3433741
603,3434755
603,3435769
603,3436783
603,3437797
602,3438811
603,3439824
603,3440838
603,3441852
602,3442866
602,3443879
603,3444893
603,3445907
603,3446921
603,3447936
603,3448949
603,3449963
603,3450977
603,3451991
603,3453004
603,3454018
602,3455032
602,3456046
603,3457059
603,3458073
602,3459087
603,3460102
603,3461115
603,3462129
602,3463143
603,3464157
603,3465170
603,3466184
602,3467198
603,3468212
603,3469225
603,3470239
602,3471253
603,3472268
603,3473282
603,3474295
603,3475309
603,3476323
603,3477337
603,3478350
603,3479364
603,3480378
603,3481392
603,3482405
603,3483419
603,3484434
603,3485448
603,3486461
603,3487475
603,3488489
603,3489503
603,3490516
603,3491530
603,3492544
603,3493558
603,3494572
603,3495585
602,3496599
603,3497614
604,3498628
603,3499641
602,3500655
603,3501669
603,3502683
603,3503696
602,3504710
603,3505724
603,3506738
603,3507751
603,3508765
603,3509780
603,3510794
603,3511808
603,3512821
602,3513835
603,3514849
603,3515863
603,3516876
603,3517890
603,3518904
603,3519918
603,3520931
602,3521946
603,3522960
603,3523974
603,3524987
603,3526001
602,3527015
603,3528029
603,3529042
603,3530056
603,3531070
603,3532084
603,3533097
603,3534112
603,3535126
603,3536140
603,3537154
603,3538167
603,3539181
603,3540195
603,3541209
603,3542222
603,3543236
603,3544250
603,3545264
603,3546278
604,3547292
603,3548306
603,3549320
603,3550333
603,3551347
603,3552361
603,3553375
603,3554388
603,3555402
603,3556416
603,3557430
603,3558444
603,3559458
603,3560472
603,3561486
603,3562500
603,3563513
604,3564527
603,3565541
603,3566555
603,3567568
603,3568582
603,3569596
602,3570610
603,3571624
603,3572638
603,3573652
603,3574666
603,3575680
603,3576693
604,3577707
603,3578721
602,3579735
603,3580748
603,3581762
603,3582776
602,3583791
603,3584804
604,3585818
603,3586832
603,3587846
603,3588859
603,3589873
603,3590887
603,3591901
603,3592914
603,3593928
604,3594942
603,3595957
603,3596971
603,3597984
603,3598998
603,3600012
603,3601026
603,3602039
603,3603053
603,3604067
603,3605081
603,3606094
603,3607108
604,3608123
604,3609137
603,3610150
603,3611164
604,3612178
604,3613192
603,3614205
603,3615219
603,3616233
604,3617247
603,3618260
602,3619274
603,3620289
603,3621303
603,3622317
603,3623330
603,3624344
604,3625358
603,3626372
603,3627385
603,3628399
603,3629413
604,3630427
603,3631440
603,3632454
603,3633469
604,3634483
603,3635496
603,3636510
603,3637524
604,3638538
603,3639552
603,3640565
603,3641579
603,3642593
604,3643607
603,3644620
603,3645635
603,3646649
604,3647663
603,3648676
603,3649690
603,3650704
604,3651718
603,3652731
603,3653745
603,3654759
604,3655773
603,3656786
603,3657801
603,3658815
604,3659829
603,3660843
603,3661856
604,3662870
604,3663884
603,3664898
603,3665911
604,3666925
603,3667939
603,3668953
604,3669967
603,3670981
603,3671995
604,3673009
603,3674022
603,3675036
603,3676050
603,3677064
603,3678077
603,3679091
604,3680105
603,3681119
603,3682134
603,3683147
604,3684161
603,3685175
603,3686189
604,3687202
603,3688216
603,3689230
604,3690244
604,3691257
603,3692271
603,3693285
604,3694299
603,3695313
603,3696327
603,3697341
604,3698355
603,3699368
603,3700382
604,3701396
604,3702410
603,3703424
603,3704437
604,3705451
603,3706465
603,3707480
603,3708493
604,3709507
603,3710521
603,3711535
603,3712548
604,3713562
603,3714576
603,3715590
603,3716603
603,3717617
603,3718631
603,3719646
604,3720659
603,3721673
603,3722687
603,3723701
604,3724715
603,3725728
603,3726742
603,3727756
604,3728770
603,3729783
603,3730797
604,3731812
603,3732826
603,3733839
603,3734853
603,3735867
603,3736881
603,3737894
604,3738908
603,3739922
603,3740936
603,3741949
603,3742963
603,3743978
603,3744992
603,3746006
602,3747019
601,3748033
595,3749047
600,3750061
598,3751074
599,3752088
600,3753102
599,3754116
598,3755129
602,3756143
602,3757158
600,3758172
601,3759185
601,3760199
601,3761213
601,3762227
601,3763240
601,3764254
602,3765268
602,3766282
602,3767296
601,3768309
602,3769324
602,3770338
602,3771352
602,3772365
602,3773379
602,3774393
602,3775407
602,3776420
602,3777434
602,3778448
602,3779462
602,3780475
602,3781490
602,3782504
602,3783518
602,3784531
602,3785545
602,3786559
602,3787573
603,3788587
601,3789600
602,3790614
602,3791628
602,3792642
602,3793656
602,3794670
602,3795684
601,3796698
602,3797711
602,3798725
601,3799739
602,3800753
602,3801766
602,3802780
601,3803794
602,3804808
602,3805822
601,3806836
602,3807850
602,3808864
601,3809878
601,3810891
602,3811905
602,3812919
601,3813933
602,3814946
602,3815960
601,3816974
602,3817988
602,3819002
602,3820016
601,3821030
602,3822044
602,3823057
601,3824071
601,3825085
602,3826099
602,3827112
601,3828126
602,3829140
602,3830154
601,3831169
601,3832182
602,3833196
602,3834210
601,3835224
602,3836237
602,3837251
602,3838265
601,3839279
602,3840292
602,3841306
602,3842320
602,3843335
602,3844348
601,3845362
601,3846376
602,3847390
602,3848403
601,3849417
602,3850431
602,3851445
601,3852459
602,3853472
602,3854486
601,3855501
602,3856515
602,3857528
601,3858542
602,3859556
602,3860570
602,3861583
601,3862597
602,3863611
602,3864625
601,3865638
601,3866652
602,3867667
602,3868681
601,3869694
602,3870708
602,3871722
601,3872736
601,3873750
602,3874763
602,3875777
601,3876791
602,3877805
602,3878818
602,3879833
601,3880847
602,3881861
602,3882874
601,3883888
602,3884902
602,3885916
601,3886929
601,3887943
602,3888957
602,3889971
601,3890984
602,3891998
602,3893013
601,3894027
602,3895041
602,3896054
602,3897068
601,3898082
602,3899096
602,3900109
601,3901123
602,3902137
602,3903151
602,3904164
602,3905179
602,3906193
601,3907207
602,3908220
602,3909234
601,3910248
602,3911262
602,3912275
601,3913289
602,3914303
602,3915317
601,3916331
602,3917345
602,3918359
601,3919373
602,3920387
601,3921400
602,3922414
602,3923428
601,3924442
602,3925455
602,3926469
601,3927483
602,3928497
602,3929511
601,3930525
602,3931539
601,3932553
601,3933566
602,3934580
601,3935594
602,3936608
602,3937622
601,3938635
602,3939649
602,3940663
601,3941678
602,3942691
602,3943705
601,3944719
602,3945733
602,3946746
601,3947760
602,3948774
602,3949788
602,3950801
602,3951815
601,3952829
602,3953843
602,3954857
601,3955871
602,3956885
602,3957899
601,3958913
602,3959926
602,3960940
601,3961954
602,3962968
602,3963981
601,3964995
602,3966009
602,3967024
601,3968037
602,3969051
602,3970065
602,3971079
602,3972092
601,3973106
602,3974120
602,3975134
602,3976147
602,3977161
602,3978175
601,3979190
601,3980204
602,3981217
601,3982231
602,3983245
602,3984259
601,3985272
602,3986286
602,3987300
601,3988314
602,3989327
602,3990341
601,3991356
602,3992370
602,3993383
601,3994397
602,3995411
602,3996425
601,3997438
602,3998452
601,3999466
601,4000480
602,4001494
601,4002507
601,4003522
602,4004536
601,4005550
601,4006563
602,4007577
601,4008591
601,4009605
602,4010618
601,4011632
601,4012646
602,4013660
601,4014673
602,4015687
602,4016702
601,4017716
602,4018729
602,4019743
601,4020757
602,4021771
602,4022785
601,4023798
602,4024812
602,4025826
601,4026840
602,4027853
602,4028868
601,4029882
602,4030896
602,4031909
601,4032923
602,4033937
602,4034951
601,4035964
602,4036978
602,4037992
601,4039006
602,4040019
602,4041034
601,4042048
602,4043062
602,4044076
601,4045089
602,4046103
602,4047117
602,4048131
602,4049144
602,4050158
601,4051172
602,4052186
602,4053200
601,4054214
602,4055228
602,4056242
601,4057255
602,4058269
602,4059283
601,4060297
602,4061310
602,4062324
601,4063338
602,4064352
602,4065367
601,4066380
602,4067394
602,4068408
601,4069422
602,4070435
602,4071449
601,4072463
602,4073477
602,4074490
601,4075504
602,4076518
602,4077532
601,4078546
601,4079560
602,4080574
601,4081588
601,4082601
602,4083615
601,4084629
601,4085643
602,4086657
602,4087670
601,4088684
602,4089698
602,4090713
602,4091726
602,4092740
602,4093754
601,4094768
602,4095781
602,4096795
601,4097809
602,4098823
602,4099836
601,4100850
602,4101864
602,4102879
601,4103892
602,4104906
602,4105920
601,4106934
602,4107948
602,4108961
601,4109975
602,4110989
602,4112003
602,4113016
601,4114030
602,4115045
602,4116059
601,4117072
602,4118086
602,4119100
601,4120114
602,4121127
602,4122141
601,4123155
602,4124169
602,4125182
601,4126196
602,4127211
602,4128225
601,4129239
601,4130252
602,4131266
602,4132280
601,4133294
602,4134307
602,4135321
601,4136335
601,4137349
602,4138362
602,4139377
601,4140391
602,4141405
602,4142418
601,4143432
602,4144446
602,4145460
602,4146473
601,4147487
602,4148501
602,4149515
601,4150529
602,4151542
602,4152557
601,4153571
602,4154585
602,4155598
601,4156612
602,4157626
602,4158640
601,4159653
601,4160667
602,4161681
602,4162695
601,4163708
602,4164723
602,4165737
601,4166751
601,4167764
602,4168778
601,4169792
601,4170806
602,4171820
602,4172833
601,4173847
602,4174861
602,4175875
602,4176889
601,4177903
602,4178917
602,4179931
601,4180944
602,4181958
602,4182972
602,4183986
601,4184999
602,4186013
602,4187027
601,4188041
602,4189056
602,4190069
601,4191083
601,4192097
602,4193111
602,4194124
601,4195138
602,4196152
602,4197166
601,4198179
601,4199193
602,4200207
602,4201222
601,4202235
602,4203249
602,4204263
602,4205277
601,4206290
602,4207304
602,4208318
601,4209332
601,4210345
602,4211359
602,4212373
601,4213387
602,4214402
602,4215415
601,4216429
601,4217443
602,4218457
602,4219470
601,4220484
602,4221498
602,4222512
602,4223525
601,4224539
602,4225553
602,4226568
601,4227581
601,4228595
602,4229609
602,4230623
601,4231636
602,4232650
602,4233664
602,4234678
601,4235692
602,4236705
602,4237719
601,4238734
602,4239748
602,4240761
601,4241775
602,4242789
602,4243803
601,4244816
602,4245830
602,4246844
601,4247858
602,4248871
602,4249885
601,4250900
602,4251914
602,4252928
601,4253941
602,4254955
602,4255969
601,4256983
602,4257996
602,4259010
601,4260024
602,4261038
602,4262051
601,4263066
602,4264080
602,4265094
601,4266107
602,4267121
602,4268135
601,4269149
602,4270162
602,4271176
601,4272190
602,4273204
602,4274217
601,4275231
602,4276246
602,4277260
601,4278274
602,4279287
602,4280301
601,4281315
602,4282329
602,4283342
601,4284356
602,4285370
602,4286384
601,4287397
602,4288412
602,4289426
601,4290440
602,4291453
602,4292467
601,4293481
602,4294495
601,4295508
601,4296522
602,4297536
601,4298550
601,4299564
602,4300578
602,4301592
601,4302606
602,4303620
602,4304633
601,4305647
602,4306661
602,4307675
601,4308688
602,4309702
602,4310716
601,4311730
602,4312744
602,4313758
601,4314772
601,4315786
602,4316800
601,4317813
601,4318827
602,4319841
602,4320855
601,4321868
602,4322882
602,4323896
601,4324911
602,4325924
602,4326938
601,4327952
602,4328966
602,4329979
601,4330993
602,4332007
602,4333021
601,4334034
602,4335048
602,4336062
601,4337076
601,4338091
602,4339104
602,4340118
601,4341132
602,4342146
602,4343159
601,4344173
602,4345187
602,4346201
601,4347214
602,4348228
602,4349242
601,4350257
602,4351270
602,4352284
601,4353298
601,4354312
602,4355325
602,4356339
601,4357353
602,4358367
602,4359380
601,4360394
602,4361408
602,4362423
601,4363437
602,4364450
602,4365464
601,4366478
601,4367492
602,4368505
601,4369519
601,4370533
602,4371547
602,4372560
601,4373574
602,4374589
602,4375603
601,4376616
602,4377630
602,4378644
601,4379658
602,4380672
602,4381685
601,4382699
602,4383713
602,4384727
601,4385740
602,4386755
602,4387769
601,4388783
602,4389796
602,4390810
601,4391824
602,4392838
602,4393851
601,4394865
601,4395879
602,4396893
602,4397906
601,4398921
602,4399935
602,4400949
601,4401963
602,4402976
602,4403990
601,4405004
602,4406018
602,4407031
601,4408045
602,4409059
602,4410073
601,4411086
602,4412101
602,4413115
601,4414129
602,4415142
602,4416156
601,4417170
601,4418184
602,4419197
601,4420211
601,4421225
602,4422239
602,4423252
601,4424267
602,4425281
602,4426295
601,4427309
602,4428322
602,4429336
601,4430350
602,4431364
602,4432377
601,4433391
602,4434405
602,4435419
601,4436433
602,4437447
602,4438461
601,4439475
602,4440488
602,4441502
601,4442516
601,4443530
602,4444544
602,4445557
601,4446571
602,4447585
602,4448600
601,4449613
602,4450627
602,4451641
601,4452655
602,4453668
602,4454682
601,4455696
602,4456710
602,4457723
601,4458737
601,4459751
602,4460766
601,4461779
601,4462793
602,4463807
602,4464821
601,4465835
602,4466848
602,4467862
601,4468876
602,4469890
602,4470903
601,4471917
602,4472931
602,4473946
601,4474959
602,4475973
602,4476987
601,4478001
602,4479014
602,4480028
601,4481042
602,4482056
602,4483069
601,4484083
602,4485097
602,4486112
601,4487126
602,4488139
602,4489153
601,4490167
602,4491181
602,4492194
601,4493208
602,4494222
602,4495236
601,4496249
602,4497263
602,4498278
601,4499292
602,4500305
602,4501319
601,4502333
601,4503347
602,4504360
602,4505374
601,4506388
602,4507402
602,4508416
601,4509429
602,4510444
601,4511458
601,4512472
602,4513485
601,4514499
602,4515513
602,4516527
601,4517540
601,4518554
602,4519568
602,4520582
601,4521595
602,4522610
601,4523624
601,4524638
602,4525651
601,4526665
602,4527679
602,4528693
601,4529707
602,4530720
602,4531734
601,4532748
601,4533762
602,4534775
601,4535790
602,4536804
602,4537818
601,4538831
601,4539845
602,4540859
602,4541873
601,4542886
602,4543900
602,4544914
601,4545928
602,4546941
602,4547956
601,4548970
602,4549984
602,4550998
601,4552011
602,4553025
602,4554039
601,4555053
602,4556066
602,4557080
601,4558094
602,4559108
602,4560122
601,4561136
602,4562150
601,4563164
601,4564177
602,4565191
601,4566205
601,4567219
601,4568232
602,4569246
601,4570260
601,4571274
602,4572289
601,4573302
601,4574316
601,4575330
601,4576344
601,4577357
601,4578371
601,4579385
601,4580399
601,4581412
601,4582426
601,4583440
602,4584455
601,4585468
601,4586482
602,4587496
601,4588510
601,4589523
601,4590537
601,4591551
601,4592565
601,4593579
601,4594592
601,4595606
602,4596620
601,4597635
600,4598648
601,4599662
601,4600676
601,4601690
601,4602703
601,4603717
601,4604731
601,4605745
601,4606758
601,4607772
601,4608786
601,4609801
601,4610814
601,4611828
602,4612842
601,4613856
601,4614870
601,4615883
601,4616897
601,4617911
602,4618925
601,4619938
601,4620952
602,4621967
601,4622981
601,4623994
601,4625008
601,4626022
601,4627036
601,4628049
601,4629063
601,4630077
602,4631091
601,4632104
601,4633118
602,4634133
601,4635147
601,4636161
602,4637174
601,4638188
601,4639202
601,4640216
601,4641229
601,4642243
601,4643257
601,4644271
601,4645284
601,4646299
601,4647313
601,4648327
601,4649340
602,4650354
601,4651368
601,4652382
602,4653395
601,4654409
601,4655423
601,4656437
601,4657451
601,4658465
602,4659479
601,4660493
601,4661507
601,4662520
600,4663534
601,4664548
601,4665562
601,4666575
601,4667589
601,4668603
600,4669617
601,4670630
601,4671645
600,4672659
600,4673673
601,4674686
600,4675700
600,4676714
601,4677728
601,4678742
600,4679755
601,4680769
601,4681783
601,4682797
601,4683811
600,4684825
601,4685839
601,4686853
601,4687866
601,4688880
601,4689894
601,4690908
601,4691921
601,4692935
600,4693949
601,4694963
601,4695977
600,4696991
601,4698005
601,4699019
600,4700033
601,4701046
601,4702060
601,4703074
601,4704088
601,4705101
601,4706115
601,4707129
601,4708144
600,4709157
600,4710171
601,4711185
600,4712199
601,4713212
601,4714226
600,4715240
600,4716254
601,4717267
600,4718281
601,4719295
601,4720310
600,4721324
601,4722337
601,4723351
600,4724365
601,4725379
601,4726392
600,4727406
601,4728420
601,4729434
600,4730447
601,4731461
601,4732475
600,4733490
601,4734503
601,4735517
600,4736531
601,4737545
601,4738558
600,4739572
601,4740586
601,4741600
600,4742614
601,4743627
601,4744641
600,4745656
601,4746670
601,4747683
600,4748697
601,4749711
601,4750725
600,4751738
601,4752752
600,4753766
600,4754780
601,4755793
601,4756807
601,4757822
601,4758836
600,4759849
600,4760863
601,4761877
600,4762891
600,4763905
601,4764918
600,4765932
600,4766946
601,4767960
601,4768973
601,4769988
601,4771002
600,4772016
601,4773029
601,4774043
600,4775057
601,4776071
601,4777084
600,4778098
601,4779112
601,4780126
600,4781139
601,4782154
601,4783168
600,4784182
601,4785196
601,4786209
600,4787223
601,4788237
601,4789251
600,4790264
601,4791278
601,4792292
600,4793306
601,4794319
601,4795334
600,4796348
601,4797362
601,4798375
600,4799389
601,4800403
601,4801417
600,4802430
601,4803444
601,4804458
600,4805472
601,4806486
601,4807500
600,4808514
601,4809528
601,4810542
600,4811555
601,4812569
601,4813583
600,4814597
601,4815610
601,4816624
600,4817638
601,4818652
601,4819666
600,4820680
601,4821694
600,4822708
600,4823721
601,4824735
600,4825749
601,4826763
601,4827777
600,4828790
601,4829804
601,4830818
600,4831833
601,4832846
601,4833860
600,4834874
601,4835888
601,4836901
600,4837915
601,4838929
601,4839943
600,4840956
601,4841970
601,4842984
600,4843999
601,4845012
601,4846026
600,4847040
601,4848054
601,4849068
600,4850081
601,4851095
601,4852109
600,4853123
601,4854136
601,4855150
600,4856164
601,4857179
601,4858192
600,4859206
601,4860220
601,4861234
600,4862247
601,4863261
601,4864275
600,4865289
601,4866302
601,4867316
600,4868330
601,4869345
601,4870359
600,4871372
601,4872386
601,4873400
600,4874414
601,4875427
601,4876441
600,4877455
601,4878469
601,4879482
600,4880496
601,4881511
601,4882525
600,4883538
601,4884552
601,4885566
600,4886580
601,4887593
601,4888607
600,4889621
601,4890635
601,4891649
600,4892662
601,4893677
601,4894691
600,4895705
601,4896718
601,4897732
600,4898746
600,4899760
601,4900773
601,4901787
600,4902801
601,4903815
601,4904828
600,4905843
601,4906857
601,4907871
600,4908884
601,4909898
601,4910912
600,4911926
601,4912940
601,4913953
600,4914967
601,4915981
601,4916995
600,4918009
601,4919023
601,4920037
600,4921051
601,4922064
601,4923078
600,4924092
601,4925106
601,4926119
600,4927133
601,4928147
601,4929161
600,4930174
601,4931189
601,4932203
600,4933217
601,4934231
601,4935244
600,4936258
600,4937272
600,4938286
600,4939299
600,4940313
600,4941327
600,4942341
600,4943355
600,4944369
600,4945383
600,4946397
600,4947410
600,4948424
600,4949438
600,4950452
600,4951465
600,4952479
600,4953493
599,4954507
600,4955522
600,4956535
599,4957549
600,4958563
600,4959577
599,4960590
599,4961604
600,4962618
599,4963632
599,4964645
600,4965659
599,4966673
599,4967688
600,4968701
599,4969715
599,4970729
600,4971743
600,4972756
599,4973770
600,4974784
600,4975798
599,4976812
600,4977825
600,4978839
599,4979854
600,4980868
600,4981881
599,4982895
600,4983909
600,4984923
599,4985936
599,4986950
600,4987964
599,4988978
600,4989991
600,4991005
599,4992019
600,4993034
600,4994048
599,4995061
599,4996075
600,4997089
600,4998103
599,4999116
600,5000130
600,5001144
600,5002158
600,5003171
600,5004185
599,5005200
600,5006214
600,5007227
599,5008241
599,5009255
600,5010269
600,5011282
599,5012296
600,5013310
600,5014324
599,5015337
600,5016351
600,5017366
599,5018380
600,5019394
600,5020407
599,5021421
600,5022435
600,5023449
599,5024462
599,5025476
600,5026490
600,5027504
599,5028517
600,5029532
600,5030546
599,5031560
600,5032573
600,5033587
599,5034601
600,5035615
600,5036628
599,5037642
600,5038656
600,5039670
599,5040684
599,5041698
600,5042712
600,5043726
599,5044740
600,5045753
600,5046767
599,5047781
600,5048795
600,5049808
599,5050822
600,5051836
600,5052850
599,5053863
600,5054878
600,5055892
599,5056906
600,5057920
600,5058933
599,5059947
600,5060961
600,5061975
599,5062988
600,5064002
600,5065016
600,5066030
599,5067044
600,5068058
600,5069072
599,5070086
600,5071099
600,5072113
599,5073127
600,5074141
600,5075154
600,5076168
599,5077182
600,5078196
600,5079211
599,5080224
600,5081238
600,5082252
600,5083266
600,5084279
600,5085293
600,5086307
599,5087321
600,5088334
600,5089348
599,5090362
600,5091377
600,5092390
600,5093404
600,5094418
600,5095432
600,5096445
599,5097459
600,5098473
600,5099487
599,5100500
600,5101514
600,5102528
600,5103543
600,5104557
600,5105570
600,5106584
600,5107598
600,5108612
600,5109625
599,5110639
600,5111653
600,5112667
600,5113680
600,5114694
600,5115708
600,5116723
599,5117736
600,5118750
600,5119764
600,5120778
600,5121792
600,5122805
600,5123819
600,5124833
601,5125847
600,5126860
600,5127874
600,5128889
600,5129903
600,5130916
600,5131930
600,5132944
600,5133958
600,5134971
601,5135985
599,5136999
600,5138013
600,5139026
600,5140040
600,5141055
600,5142069
600,5143083
600,5144096
601,5145110
600,5146124
599,5147138
600,5148151
600,5149165
600,5150179
600,5151193
600,5152206
599,5153221
600,5154235
600,5155249
599,5156262
600,5157276
600,5158290
600,5159304
600,5160317
600,5161331
600,5162345
600,5163359
601,5164372
600,5165387
600,5166401
601,5167415
600,5168429
600,5169442
600,5170456
600,5171470
600,5172484
601,5173497
600,5174511
599,5175525
601,5176539
600,5177553
600,5178567
600,5179581
600,5180595
599,5181608
600,5182622
600,5183636
600,5184650
600,5185664
600,5186677
600,5187691
600,5188705
600,5189719
600,5190733
600,5191747
600,5192761
600,5193775
600,5194788
600,5195802
600,5196816
600,5197830
600,5198843
600,5199857
600,5200871
601,5201885
600,5202899
600,5203913
600,5204927
600,5205941
600,5206955
601,5207968
600,5208982
600,5209996
601,5211010
600,5212023
600,5213037
601,5214051
600,5215066
600,5216079
600,5217093
600,5218107
600,5219121
601,5220134
600,5221148
600,5222162
601,5223176
600,5224189
600,5225203
600,5226217
600,5227232
600,5228246
601,5229259
600,5230273
600,5231287
601,5232301
600,5233314
600,5234328
601,5235342
600,5236356
600,5237369
601,5238383
600,5239398
600,5240412
601,5241425
600,5242439
600,5243453
601,5244467
600,5245480
600,5246494
601,5247508
600,5248522
600,5249536
601,5250549
601,5251564
600,5252578
601,5253592
600,5254605
600,5255619
600,5256633
600,5257647
600,5258660
600,5259674
601,5260688
600,5261702
600,5262715
601,5263729
600,5264744
600,5265758
601,5266771
600,5267785
600,5268799
601,5269813
600,5270827
600,5271840
601,5272854
600,5273868
600,5274882
601,5275895
600,5276910
600,5277924
600,5278938
601,5279951
600,5280965
600,5281979
601,5282993
600,5284006
600,5285020
601,5286034
600,5287048
600,5288061
601,5289076
600,5290090
600,5291104
601,5292118
600,5293131
600,5294145
601,5295159
600,5296173
600,5297186
601,5298200
600,5299214
600,5300228
601,5301242
600,5302256
600,5303270
601,5304284
600,5305297
600,5306311
601,5307325
600,5308339
600,5309352
601,5310366
600,5311380
600,5312394
601,5313408
600,5314422
600,5315436
601,5316450
600,5317464
600,5318477
601,5319491
600,5320505
600,5321519
601,5322532
600,5323546
600,5324560
601,5325574
600,5326588
600,5327602
601,5328616
600,5329630
600,5330643
601,5331657
600,5332671
600,5333685
600,5334699
600,5335712
600,5336726
601,5337740
600,5338755
600,5339768
601,5340782
600,5341796
600,5342810
600,5343823
600,5344837
600,5345851
601,5346865
600,5347878
600,5348892
601,5349906
600,5350921
601,5351934
600,5352948
600,5353962
600,5354976
601,5355990
600,5357003
600,5358017
601,5359031
600,5360045
600,5361058
601,5362072
600,5363087
600,5364101
601,5365114
600,5366128
600,5367142
601,5368156
600,5369169
600,5370183
600,5371197
600,5372211
600,5373224
601,5374238
600,5375252
600,5376267
600,5377281
600,5378294
600,5379308
600,5380322
600,5381336
600,5382349
600,5383363
600,5384377
600,5385391
600,5386404
600,5387418
600,5388433
600,5389447
601,5390460
600,5391474
600,5392488
601,5393502
600,5394515
600,5395529
601,5396543
600,5397557
600,5398571
601,5399584
600,5400599
600,5401613
600,5402627
600,5403640
600,5404654
600,5405668
600,5406682
600,5407695
601,5408709
600,5409723
600,5410737
600,5411750
600,5412765
600,5413779
600,5414793
600,5415806
600,5416820
601,5417834
600,5418848
600,5419862
600,5420875
600,5421889
600,5422903
600,5423917
601,5424931
600,5425945
600,5426959
601,5427973
600,5428986
600,5430000
601,5431014
600,5432028
600,5433041
601,5434055
600,5435069
600,5436083
601,5437097
600,5438111
600,5439125
600,5440139
600,5441153
600,5442166
600,5443180
600,5444194
600,5445208
600,5446221
601,5447235
600,5448249
600,5449263
601,5450277
600,5451291
600,5452305
600,5453319
600,5454332
600,5455346
601,5456360
600,5457374
600,5458387
601,5459401
600,5460415
600,5461429
600,5462444
600,5463457
600,5464471
601,5465485
600,5466499
600,5467512
601,5468526
600,5469540
600,5470554
601,5471567
600,5472581
600,5473595
601,5474610
600,5475623
600,5476637
600,5477651
600,5478665
600,5479678
600,5480692
600,5481706
599,5482720
600,5483734
600,5484747
600,5485761
600,5486776
600,5487790
599,5488803
600,5489817
600,5490831
599,5491845
599,5492858
600,5493872
599,5494886
599,5495900
600,5496913
599,5497927
599,5498942
600,5499956
599,5500969
599,5501983
600,5502997
599,5504011
599,5505025
600,5506038
599,5507052
598,5508066
599,5509080
598,5510093
598,5511107
599,5512122
599,5513136
598,5514149
599,5515163
598,5516177
598,5517191
599,5518204
599,5519218
598,5520232
599,5521246
599,5522259
598,5523274
599,5524288
599,5525302
598,5526316
599,5527329
599,5528343
598,5529357
599,5530371
599,5531384
598,5532398
599,5533412
598,5534426
598,5535439
598,5536454
598,5537468
598,5538482
598,5539495
598,5540509
598,5541523
599,5542537
598,5543550
598,5544564
598,5545578
598,5546592
598,5547606
599,5548620
598,5549634
598,5550648
598,5551662
599,5552675
598,5553689
598,5554703
598,5555717
598,5556730
599,5557744
598,5558758
598,5559772
598,5560786
599,5561800
598,5562814
598,5563828
599,5564841
598,5565855
598,5566869
599,5567883
598,5568897
598,5569910
599,5570924
598,5571938
598,5572952
599,5573966
598,5574980
598,5575994
599,5577008
598,5578021
598,5579035
599,5580049
598,5581063
598,5582076
599,5583090
599,5584104
598,5585118
598,5586132
599,5587146
598,5588160
598,5589174
598,5590188
597,5591201
597,5592215
597,5593229
596,5594243
597,5595256
597,5596270
597,5597284
